PSNR: 25.136372
SSIM: 0.815890
LPIPS: 0.083792
